//
// This file contains the special actions and was
// generated by the Universal Resource Compiler
//
// authors: Uwe Düffert, Martin Lötzsch, Max Risler
//

// jump table:
1 3 

// number of nodes:
10

// nodes:
2 0 0
3 1000 1000 1000 1000 1000 1000 1000 1000 1000 1000 1000 1000 1000 1000 1000 1000 1000 1000 1000 1000 1000 1000 0 100 0
2 0 0
4 -1 -1 40 40 -1 -1 40 40 -1 -1 -1 -1 -1 -1 -1 -1 -1 -1 -1 -1 -1 -1 10 1
3 0 0.7 -40.8 9.4 4.6 -2.6 -40.8 9.4 4.6 -2.6 0 0 -50 124 -67.8 0 0 0 -50 124 -67.8 0 1 2000 1
3 1000 1000 -51.3 3.5 14.7 -35.8 -51.3 3.5 14.7 -35.8 1000 1000 -50 1000 1000 1000 1000 1000 -50 1000 1000 1000 1 500 1
3 1000 1000 1000 1000 1000 1000 1000 1000 1000 1000 1000 1000 -50 1000 1000 1000 1000 1000 -50 1000 1000 1000 1 500 1
3 1000 1000 1000 1000 1000 1000 1000 1000 1000 1000 1000 1000 1000 1000 1000 1000 1000 1000 1000 1000 1000 1000 1 100 1
1 7 1 1
2 0 1